9949	000551500081500005634
995	0050699000551500199010004725000697700000860051301000828300353350010971011003200459310000079000708800072830016032000573700058290016607000565400056340048471
9950	001713700428030007030004819300003010005794003198500001390005801001602100160200030133
9951	000846700344830015012003020100001390016021
9953	
9955	00084670033872003448300081460006024001501200001390016021
9956	000846700338710034483000814600076230006024001501200001390016021
9957	000846700344830008146000602400150120005796
9958	0046332000419700428020005515000484300364590005160006164900305090035616003552000603890016579000717900065110005737000582900057390005634
996	00055150019903003114500070910070979190199000065110005680000581300057370005829000565400056340005876
9960	
9961	0042802000551500199010019903003812700510280031953006109900230570043312001503100057370005856000582900700620005576190481300160200005643000563400484710034774
9962	00085200015229001520500708900005215001985200158820015851000613900069790006814007090400163240009925001632300057370016021000588700160200005886
9963	000852000152290033300001520500055150015081007089000052150019852001588200074200070837003032400158510006139000963600357250006814007090400163240009925000573700700620005887004322900160200005886
9965	000510400080830005515000016500085430007507007085800106290007399000175500703740046330000828400463260051897000193400096170005576
9966	00051250005102000516400072500006919000691500421070006955000716500332090005615001602100058870005886
9967	000552400037230000980003037400512190005515004696600037130003712004280900083800007623000639700482550000956004275300480260045944004589300003810006367003514500700620016592001660700056540005634
9968	00009800008013000368200303740008022000551500199040046966000371300037120061630004280900140440060071009024500600701990403004870200074920007507000184300140030045944004589300363420016567000635700215100019827000636700165920016020000565400056340000151
9969	0030374004696600037130003712004280900426320043433004594400458930006357000636700703280016592001602000056540005634
997	000552400055150061631000484200062700000082000646400354580043951009026100435250043161007093600002090016567007084800065110005829001660700056540005634
9970	000367700012280003700000098100009770004879003037400380230003707000371300081340000976000827000301540030522000727500458920045944000716500434010006367009057500057370005856000582900056540005634
9971	000122800037000000981000098000009770032052003818119021220004879001692200303740005515004696500435650038023000370700037130003714000813400009760008270000721900157210008206003818300301540007043000167800713980071222007141700353560042632004274200550890034971000695400450870072615003818500305220055088000662900072750043124003208800430660070858005072819027140032692003270300327150071638000012219044680010804000108019041792001250200021300466280035774190569500459440070857009018100611780010988003425500434010034142003416200063670090575000571900056540005634
9972	0003677004280200468720008139000551500434950017056007573300064060046832005129200066060016925190003400609640006110000640900467180075732001603200190830005829004365700424050031965003439900056430044613004461500057300005654
9973	0045296000550700055150015035000478400165320034599003000100551140051353001568000194300006801000573700058290005634
9975	0000981000122700009800000978000097700048790030374000551500380230003707000813400009760008270003015400485120097009000975500305220055088000727500507280000122004589200459440045893004275200507270019216200101400063550033993004340100063670090575000573700056540005634
9976	00302460042802005077600058870005886
9978	001978800976020005515004487700081340061630003162500048420034450000827000427690000165001026500311460016055007091100704980010972009009000007150000717003368300062950006296000629400062930032436004368700431610006513004511600002090016567006141800062830006511001603200314620031463008000800314640031465003146600314670019005003089100314610005829004322400056540005634
998	0032427000552500039240034191004280200055150019901003199600616300032488003809600070300007266003129500600710030036000701500075960034329003003100609970006897004801300516830045198000716300072290035722003022500995630042059003133300381890072384000691120002510030307003246700514910010592005114900312740051496190002600165670032956005198800083600051489001059100510560051492002176200480100039694000013900171190005938004299500058130005737003646400058290043197000578900700620030175000592500160200030496007268600430050043025000588600329910051233
9980	00036740006895005089000070290007275001503100001390005829000576800700620005802
9982	00171340008201000551500072670008543000828519035890090050004574300071650009986000557600056150005886
9984	0003677000372300055150006405000639600083800006915003112400064062000002004829700327860000018003278400312970007165004678400003470000445000573700058290045171000078400163630016607000565400056340000346
9985	0003682000630200007240009566000714100513210001556000713100725200007062000728600072830007130000077800008000001673003089300349910005634
9986	00041970004175000422200715860016579000650800058290005789003017600058870016020
9987	
9988	0001228000370000009810000978000704900459440006355000582900056540005634
9989	000472100055150019888000472200064700006468004366600071650030289
999	003279400305060008013004529600055090050839000809200452950042802000551500428030034332001633900009020098609004433100070430071681007128500356350030198000715600303360022408003117500219830042307004589300726590010468009957600096360007416001562900432960016342003005400099860005913003086400057370009898000576800700620005576001660000989780016021003002700163280048471000588600987940005802
9990	00153790001525000688400714770007268005506419024760006811005507519905730016323001602100058870005886
9991	00037230008380000965300432490006397003311900455950005634
9992	
9993	00302460009887000715500508900016021
9994	00036770032184000865600051230016505000551500037140036337000691900971900007049007126000086251903507000716500166050005737000573900056540005634
999	003279400305060008013004529600055090050839000809200452950042802000551500428030034332001633900009020098609004433100070430071681007128500356350030198000715600303360022408003117500219830042307004589300726590010468009957600096360007416001562900432960016342003005400099860005913003086400057370009898000576800700620005576001660000989780016021003002700163280048471000588600987940005802
